   0.00000000E+00  -0.21401640E-05   0.36101460E-05   0.44234208E-05  -0.81252907E-06
   0.25000000E-02  -0.16810916E-05   0.41277270E-05   0.42916954E-05  -0.14134205E-05
   0.50000000E-02  -0.11617217E-05   0.46253907E-05   0.40870756E-05  -0.20404971E-05
   0.75000000E-02  -0.58493617E-06   0.50943227E-05   0.38068687E-05  -0.26866475E-05
   0.10000000E-01   0.45320285E-07   0.55254411E-05   0.34492755E-05  -0.33439277E-05
   0.12500000E-01   0.72401550E-06   0.59095083E-05   0.30134857E-05  -0.40036126E-05
   0.15000000E-01   0.14450183E-05   0.62372539E-05   0.24997674E-05  -0.46562622E-05
   0.17500000E-01   0.22011025E-05   0.64995070E-05   0.19095466E-05  -0.52918036E-05
   0.20000000E-01   0.29839669E-05   0.66873381E-05   0.12454771E-05  -0.58996292E-05
   0.22500000E-01   0.37842728E-05   0.67922082E-05   0.51149681E-06  -0.64687092E-05
   0.25000000E-01   0.45916995E-05   0.68061238E-05  -0.28712891E-06  -0.69877200E-05
   0.27500000E-01   0.53950183E-05   0.67217959E-05  -0.11437813E-05  -0.74451867E-05
   0.30000000E-01   0.61821855E-05   0.65328016E-05  -0.20504790E-05  -0.78296384E-05
   0.32500000E-01   0.69404552E-05   0.62337450E-05  -0.29978887E-05  -0.81297763E-05
   0.35000000E-01   0.76565100E-05   0.58204161E-05  -0.39753556E-05  -0.83346517E-05
   0.37500000E-01   0.83166111E-05   0.52899445E-05  -0.49709564E-05  -0.84338534E-05
   0.40000000E-01   0.89067660E-05   0.46409459E-05  -0.59715741E-05  -0.84177010E-05
   0.42500000E-01   0.94129131E-05   0.38736578E-05  -0.69629968E-05  -0.82774436E-05
   0.45000000E-01   0.98211209E-05   0.29900624E-05  -0.79300394E-05  -0.80054597E-05
   0.47500000E-01   0.10117802E-04   0.19939941E-05  -0.88566897E-05  -0.75954565E-05
   0.50000000E-01   0.10289939E-04   0.89122696E-06  -0.97262775E-05  -0.70426650E-05
   0.52500000E-01   0.10325316E-04  -0.31045771E-06  -0.10521667E-04  -0.63440287E-05
   0.55000000E-01   0.10212763E-04  -0.16012289E-05  -0.11225469E-04  -0.54983813E-05
   0.57500000E-01   0.99423985E-05  -0.29691896E-05  -0.11820279E-04  -0.45066112E-05
   0.60000000E-01   0.95058732E-05  -0.44003894E-05  -0.12288924E-04  -0.33718085E-05
   0.62500000E-01   0.88966131E-05  -0.58788682E-05  -0.12614736E-04  -0.20993912E-05
   0.65000000E-01   0.81100527E-05  -0.73867328E-05  -0.12781833E-04  -0.69720802E-06
   0.67500000E-01   0.71438584E-05  -0.89042667E-05  -0.12775411E-04   0.82438722E-06
   0.70000000E-01   0.59981364E-05  -0.10410077E-04  -0.12582047E-04   0.24524914E-05
   0.72500000E-01   0.46756210E-05  -0.11881274E-04  -0.12189998E-04   0.41716418E-05
   0.75000000E-01   0.31818397E-05  -0.13293691E-04  -0.11589508E-04   0.59638424E-05
   0.77500000E-01   0.15252500E-05  -0.14622137E-04  -0.10773101E-04   0.78086291E-05
   0.80000000E-01  -0.28265560E-06  -0.15840681E-04  -0.97358710E-05   0.96831760E-05
   0.82500000E-01  -0.22272811E-05  -0.16922981E-04  -0.84757517E-05   0.11562445E-04
   0.85000000E-01  -0.42908982E-05  -0.17842625E-04  -0.69937688E-05   0.13419377E-04
   0.87500000E-01  -0.64526607E-05  -0.18573522E-04  -0.52942661E-05   0.15225134E-04
   0.90000000E-01  -0.86886663E-05  -0.19090300E-04  -0.33850998E-05   0.16949375E-04
   0.92500000E-01  -0.10972067E-04  -0.19368737E-04  -0.12777983E-05   0.18560587E-04
   0.95000000E-01  -0.13273231E-04  -0.19386202E-04   0.10123207E-05   0.20026450E-04
   0.97500000E-01  -0.15559960E-04  -0.19122107E-04   0.34660778E-05   0.21314247E-04
   0.10000000E+00  -0.17797758E-04  -0.18558374E-04   0.60604115E-05   0.22391314E-04
   0.10250000E+00  -0.19950153E-04  -0.17679884E-04   0.87684122E-05   0.23225515E-04
   0.10500000E+00  -0.21979081E-04  -0.16474938E-04   0.11559415E-04   0.23785754E-04
   0.10750000E+00  -0.23845313E-04  -0.14935688E-04   0.14399154E-04   0.24042513E-04
   0.11000000E+00  -0.25508940E-04  -0.13058554E-04   0.17249985E-04   0.23968402E-04
   0.11250000E+00  -0.26929898E-04  -0.10844607E-04   0.20071166E-04   0.23538727E-04
   0.11500000E+00  -0.28068544E-04  -0.82999177E-05   0.22819215E-04   0.22732057E-04
   0.11750000E+00  -0.28886270E-04  -0.54358567E-05   0.25448332E-04   0.21530795E-04
   0.12000000E+00  -0.29346138E-04  -0.22693408E-05   0.27910881E-04   0.19921732E-04
   0.12250000E+00  -0.29413559E-04   0.11769810E-05   0.30157947E-04   0.17896580E-04
   0.12500000E+00  -0.29056976E-04   0.48746119E-05   0.32139951E-04   0.15452478E-04
   0.12750000E+00  -0.28248560E-04   0.87891676E-05   0.33807318E-04   0.12592458E-04
   0.13000000E+00  -0.26964909E-04   0.12880419E-04   0.35111202E-04   0.93258547E-05
   0.13250000E+00  -0.25187734E-04   0.17102425E-04   0.36004257E-04   0.56686669E-05
   0.13500000E+00  -0.22904522E-04   0.21403756E-04   0.36441446E-04   0.16438381E-05
   0.13750000E+00  -0.20109171E-04   0.25727819E-04   0.36380873E-04  -0.27185350E-05
   0.14000000E+00  -0.16802578E-04   0.30013281E-04   0.35784644E-04  -0.73810851E-05
   0.14250000E+00  -0.12993171E-04   0.34194593E-04   0.34619730E-04  -0.12299153E-04
   0.14500000E+00  -0.86973712E-05   0.38202619E-04   0.32858829E-04  -0.17420871E-04
   0.14750000E+00  -0.39399789E-05   0.41965368E-04   0.30481208E-04  -0.22687359E-04
   0.15000000E+00   0.12455377E-05   0.45408817E-04   0.27473520E-04  -0.28033037E-04
   0.15250000E+00   0.68168549E-05   0.48457839E-04   0.23830574E-04  -0.33386061E-04
   0.15500000E+00   0.12722722E-04   0.51037209E-04   0.19556044E-04  -0.38668881E-04
   0.15750000E+00   0.18903012E-04   0.53072696E-04   0.14663109E-04  -0.43798932E-04
   0.16000000E+00   0.25288910E-04   0.54492223E-04   0.91749981E-05  -0.48689445E-04
   0.16250000E+00   0.31803239E-04   0.55227087E-04   0.31254375E-05  -0.53250387E-04
   0.16500000E+00   0.38360936E-04   0.55213225E-04  -0.34410264E-05  -0.57389521E-04
   0.16750000E+00   0.44869677E-04   0.54392510E-04  -0.10468833E-04  -0.61013581E-04
   0.17000000E+00   0.51230660E-04   0.52714061E-04  -0.17891361E-04  -0.64029551E-04
   0.17250000E+00   0.57339543E-04   0.50135551E-04  -0.25631037E-04  -0.66346042E-04
   0.17500000E+00   0.63087535E-04   0.46624492E-04  -0.33599617E-04  -0.67874756E-04
   0.17750000E+00   0.68362635E-04   0.42159473E-04  -0.41698643E-04  -0.68532010E-04
   0.18000000E+00   0.73051017E-04   0.36731338E-04  -0.49820080E-04  -0.68240323E-04
   0.18250000E+00   0.77038553E-04   0.30344272E-04  -0.57847151E-04  -0.66930022E-04
   0.18500000E+00   0.80212450E-04   0.23016782E-04  -0.65655358E-04  -0.64540876E-04
   0.18750000E+00   0.82463000E-04   0.14782540E-04  -0.73113700E-04  -0.61023705E-04
   0.19000000E+00   0.83685427E-04   0.56910757E-05  -0.80086075E-04  -0.56341957E-04
   0.19250000E+00   0.83781796E-04  -0.41917146E-05  -0.86432869E-04  -0.50473231E-04
   0.19500000E+00   0.82662973E-04  -0.14783251E-04  -0.92012722E-04  -0.43410704E-04
   0.19750000E+00   0.80250618E-04  -0.25984176E-04  -0.96684454E-04  -0.35164441E-04
   0.20000000E+00   0.76479163E-04  -0.37678501E-04  -0.10030914E-03  -0.25762568E-04
   0.20250000E+00   0.71297767E-04  -0.49733999E-04  -0.10275231E-03  -0.15252267E-04
   0.20500000E+00   0.64672206E-04  -0.62002870E-04  -0.10388626E-03  -0.37005718E-05
   0.20750000E+00   0.56586664E-04  -0.74322688E-04  -0.10359246E-03   0.88050645E-05
   0.21000000E+00   0.47045401E-04  -0.86517628E-04  -0.10176395E-03   0.22156453E-04
   0.21250000E+00   0.36074252E-04  -0.98399990E-04  -0.98307869E-04   0.36224634E-04
   0.21500000E+00   0.23721933E-04  -0.10977201E-03  -0.93147850E-04   0.50860141E-04
   0.21750000E+00   0.10061112E-04  -0.12042798E-03  -0.86226453E-04   0.65893582E-04
   0.22000000E+00  -0.48107862E-05  -0.13015659E-03  -0.77507469E-04   0.81136563E-04
   0.22250000E+00  -0.20771072E-04  -0.13874362E-03  -0.66978100E-04   0.96382954E-04
   0.22500000E+00  -0.37671615E-04  -0.14597483E-03  -0.54650972E-04   0.11141052E-03
   0.22750000E+00  -0.55339021E-04  -0.15163905E-03  -0.40565931E-04   0.12598290E-03
   0.23000000E+00  -0.73575198E-04  -0.15553154E-03  -0.24791582E-04   0.13985196E-03
   0.23250000E+00  -0.92158321E-04  -0.15745747E-03  -0.74265263E-05   0.15276052E-03
   0.23500000E+00  -0.11084422E-03  -0.15723553E-03   0.11399736E-04   0.16444536E-03
   0.23750000E+00  -0.12936820E-03  -0.15470163E-03   0.31526293E-04   0.17464061E-03
   0.24000000E+00  -0.14744731E-03  -0.14971264E-03   0.52760720E-04   0.18308145E-03
   0.24250000E+00  -0.16478305E-03  -0.14215009E-03   0.74879433E-04   0.18950800E-03
   0.24500000E+00  -0.18106451E-03  -0.13192387E-03   0.97628528E-04   0.19366957E-03
   0.24750000E+00  -0.19597195E-03  -0.11897570E-03   0.12072511E-03   0.19532896E-03
   0.25000000E+00  -0.20918078E-03  -0.10328248E-03   0.14385920E-03   0.19426703E-03
   0.25250000E+00  -0.22036588E-03  -0.84859400E-04   0.16669609E-03   0.19028726E-03
   0.25500000E+00  -0.22920638E-03  -0.63762641E-04   0.18887934E-03   0.18322042E-03
   0.25750000E+00  -0.23539059E-03  -0.40091797E-04   0.21003431E-03   0.17292915E-03
   0.26000000E+00  -0.23862133E-03  -0.13991780E-04   0.22977215E-03   0.15931244E-03
   0.26250000E+00  -0.23862136E-03   0.14345752E-04   0.24769441E-03   0.14230994E-03
   0.26500000E+00  -0.23513899E-03   0.44681562E-04   0.26339808E-03   0.12190601E-03
   0.26750000E+00  -0.22795374E-03   0.76728607E-04   0.27648116E-03   0.98133427E-04
   0.27000000E+00  -0.21688200E-03   0.11015251E-03   0.28654856E-03   0.71076700E-04
   0.27250000E+00  -0.20178257E-03   0.14457276E-03   0.29321841E-03   0.40874836E-04
   0.27500000E+00  -0.18256204E-03   0.17956465E-03   0.29612869E-03   0.77235737E-05
   0.27750000E+00  -0.15917985E-03   0.21466204E-03   0.29494404E-03  -0.28123055E-04
   0.28000000E+00  -0.13165303E-03   0.24936095E-03   0.28936273E-03  -0.66351893E-04
   0.28250000E+00  -0.10006040E-03   0.28312394E-03   0.27912370E-03  -0.10659062E-03
   0.28500000E+00  -0.64546285E-04   0.31538538E-03   0.26401350E-03  -0.14840858E-03
   0.28750000E+00  -0.25323460E-04   0.34555745E-03   0.24387317E-03  -0.19131852E-03
   0.29000000E+00   0.17324588E-04   0.37303707E-03   0.21860476E-03  -0.23477928E-03
   0.29250000E+00   0.63042300E-04   0.39721345E-03   0.18817753E-03  -0.27819953E-03
   0.29500000E+00   0.11140162E-03   0.41747641E-03   0.15263363E-03  -0.32094242E-03
   0.29750000E+00   0.16190260E-03   0.43322538E-03   0.11209318E-03  -0.36233143E-03
   0.30000000E+00   0.21397508E-03   0.44387884E-03   0.66758542E-04  -0.40165703E-03
   0.30250000E+00   0.26698154E-03   0.44888437E-03   0.16917848E-04  -0.43818457E-03
   0.30500000E+00   0.32022119E-03   0.44772890E-03  -0.37052583E-04  -0.47116300E-03
   0.30750000E+00   0.37293522E-03   0.43994932E-03  -0.94686843E-04  -0.49983453E-03
   0.31000000E+00   0.42431338E-03   0.42514313E-03  -0.15542926E-03  -0.52344520E-03
   0.31250000E+00   0.47350178E-03   0.40297899E-03  -0.21863550E-03  -0.54125618E-03
   0.31500000E+00   0.51961201E-03   0.37320713E-03  -0.28357509E-03  -0.55255572E-03
   0.31750000E+00   0.56173131E-03   0.33566937E-03  -0.34943535E-03  -0.55667163E-03
   0.32000000E+00   0.59893409E-03   0.29030852E-03  -0.41532684E-03  -0.55298421E-03
   0.32250000E+00   0.63029441E-03   0.23717712E-03  -0.48029040E-03  -0.54093935E-03
   0.32500000E+00   0.65489944E-03   0.17644519E-03  -0.54330566E-03  -0.52006175E-03
   0.32750000E+00   0.67186382E-03   0.10840693E-03  -0.60330121E-03  -0.48996798E-03
   0.33000000E+00   0.68034474E-03   0.33486064E-04  -0.65916622E-03  -0.45037924E-03
   0.33250000E+00   0.67955751E-03  -0.47760199E-04  -0.70976363E-03  -0.40113357E-03
   0.33500000E+00   0.66879161E-03  -0.13463895E-03  -0.75394464E-03  -0.34219733E-03
   0.33750000E+00   0.64742674E-03  -0.22632108E-03  -0.79056463E-03  -0.27367570E-03
   0.34000000E+00   0.61494899E-03  -0.32184282E-03  -0.81850011E-03  -0.19582192E-03
   0.34250000E+00   0.57096660E-03  -0.42010926E-03  -0.83666685E-03  -0.10904514E-03
   0.34500000E+00   0.51522517E-03  -0.51990014E-03  -0.84403869E-03  -0.13916641E-04
   0.34750000E+00   0.44762208E-03  -0.61987788E-03  -0.83966705E-03   0.88825941E-04
   0.35000000E+00   0.36821984E-03  -0.71859798E-03  -0.82270088E-03   0.19827637E-03
   0.35250000E+00   0.27725803E-03  -0.81452177E-03  -0.79240659E-03   0.31335992E-03
   0.35500000E+00   0.17516358E-03  -0.90603150E-03  -0.74818797E-03   0.43283593E-03
   0.35750000E+00   0.62559149E-04  -0.99144781E-03  -0.68960555E-03   0.55530298E-03
   0.36000000E+00  -0.59730708E-04  -0.10690494E-02  -0.61639528E-03   0.67920683E-03
   0.36250000E+00  -0.19067586E-03  -0.11370951E-02  -0.52848598E-03   0.80285118E-03
   0.36500000E+00  -0.32903959E-03  -0.11938473E-02  -0.42601547E-03   0.92441135E-03
   0.36750000E+00  -0.47338060E-03  -0.12375979E-02  -0.30934479E-03   0.10419510E-02
   0.37000000E+00  -0.62205806E-03  -0.12666956E-02  -0.17907035E-03   0.11534414E-02
   0.37250000E+00  -0.77324001E-03  -0.12795742E-02  -0.36033551E-04   0.12567844E-02
   0.37500000E+00  -0.92491526E-03  -0.12747822E-02   0.11867239E-03   0.13498369E-02
   0.37750000E+00  -0.10749087E-02  -0.12510129E-02   0.28369881E-03   0.14304394E-02
   0.38000000E+00  -0.12209003E-02  -0.12071348E-02   0.45744134E-03   0.14964455E-02
   0.38250000E+00  -0.13604478E-02  -0.11422216E-02   0.63804344E-03   0.15457549E-02
   0.38500000E+00  -0.14910125E-02  -0.10555819E-02   0.82340382E-03   0.15763472E-02
   0.38750000E+00  -0.16099893E-02  -0.94678763E-03   0.10111880E-02   0.15863177E-02
   0.39000000E+00  -0.17147391E-02  -0.81570046E-03   0.11988444E-02   0.15739145E-02
   0.39250000E+00  -0.18026248E-02  -0.66249676E-03   0.13836244E-02   0.15375755E-02
   0.39500000E+00  -0.18710500E-02  -0.48768938E-03   0.15626072E-02   0.14759663E-02
   0.39750000E+00  -0.19175000E-02  -0.29214639E-03   0.17327291E-02   0.13880174E-02
   0.40000000E+00  -0.19395851E-02  -0.77106132E-04   0.18908172E-02   0.12729604E-02
   0.40250000E+00  -0.19350847E-02   0.15581207E-03   0.20336268E-02   0.11303625E-02
   0.40500000E+00  -0.19019934E-02   0.40460182E-03   0.21578834E-02   0.96015934E-03
   0.40750000E+00  -0.18385668E-02   0.66686879E-03   0.22603285E-02   0.76268419E-03
   0.41000000E+00  -0.17433672E-02   0.93983544E-03   0.23377677E-02   0.53869441E-03
   0.41250000E+00  -0.16153087E-02   0.12203517E-02   0.23871227E-02   0.28939325E-03
   0.41500000E+00  -0.14537002E-02   0.15049119E-02   0.24054855E-02   0.16447083E-04
   0.41750000E+00  -0.12582867E-02   0.17896782E-02   0.23901736E-02  -0.27800283E-03
   0.42000000E+00  -0.10292863E-02   0.20705110E-02   0.23387871E-02  -0.59133462E-03
   0.42250000E+00  -0.76742445E-03   0.23430053E-02   0.22492655E-02  -0.92044661E-03
   0.42500000E+00  -0.47396265E-03   0.26025347E-02   0.21199444E-02  -0.12617652E-02
   0.42750000E+00  -0.15072184E-03   0.28443019E-02   0.19496105E-02  -0.16112602E-02
   0.43000000E+00   0.19990059E-03   0.30633945E-02   0.17375544E-02  -0.19644682E-02
   0.43250000E+00   0.57492086E-03   0.32548489E-02   0.14836206E-02  -0.23165238E-02
   0.43500000E+00   0.97076672E-03   0.34137179E-02   0.11882525E-02  -0.26621994E-02
   0.43750000E+00   0.13832837E-02   0.35351442E-02   0.85253254E-03  -0.29959530E-02
   0.44000000E+00   0.18077502E-02   0.36144390E-02   0.47821671E-03  -0.33119849E-02
   0.44250000E+00   0.22389028E-02   0.36471627E-02   0.67760897E-04  -0.36043024E-02
   0.44500000E+00   0.26709700E-02   0.36292097E-02  -0.37566019E-03  -0.38667917E-02
   0.44750000E+00   0.30977177E-02   0.35568940E-02  -0.84814341E-03  -0.40932979E-02
   0.45000000E+00   0.35125035E-02   0.34270359E-02  -0.13450574E-02  -0.42777121E-02
   0.45250000E+00   0.39083423E-02   0.32370478E-02  -0.18610534E-02  -0.44140634E-02
   0.45500000E+00   0.42779811E-02   0.29850180E-02  -0.23900874E-02  -0.44966176E-02
   0.45750000E+00   0.46139845E-02   0.26697912E-02  -0.29254544E-02  -0.45199788E-02
   0.46000000E+00   0.49088286E-02   0.22910446E-02  -0.34598345E-02  -0.44791947E-02
   0.46250000E+00   0.51550039E-02   0.18493572E-02  -0.39853520E-02  -0.43698636E-02
   0.46500000E+00   0.53451265E-02   0.13462716E-02  -0.44936471E-02  -0.41882414E-02
   0.46750000E+00   0.54720550E-02   0.78434678E-03  -0.49759600E-02  -0.39313474E-02
   0.47000000E+00   0.55290139E-02   0.16719959E-03  -0.54232278E-02  -0.35970674E-02
   0.47250000E+00   0.55097212E-02  -0.50046536E-03  -0.58261932E-02  -0.31842520E-02
   0.47500000E+00   0.54085182E-02  -0.12128397E-02  -0.61755242E-02  -0.26928082E-02
   0.47750000E+00   0.52205008E-02  -0.19630102E-02  -0.64619447E-02  -0.21237833E-02
   0.48000000E+00   0.49416498E-02  -0.27429735E-02  -0.66763740E-02  -0.14794382E-02
   0.48250000E+00   0.45689585E-02  -0.35436679E-02  -0.68100749E-02  -0.76330872E-03
   0.48500000E+00   0.41005553E-02  -0.43550233E-02  -0.68548074E-02   0.19746429E-04
   0.48750000E+00   0.35358199E-02  -0.51660296E-02  -0.68029881E-02   0.86351377E-03
   0.49000000E+00   0.28754891E-02  -0.59648241E-02  -0.66478518E-02   0.17604101E-02
   0.49250000E+00   0.21217527E-02  -0.67387982E-02  -0.63836138E-02   0.27014862E-02
   0.49500000E+00   0.12783337E-02  -0.74747231E-02  -0.60056309E-02   0.36764513E-02
   0.49750000E+00   0.35055430E-03  -0.81588951E-02  -0.55105582E-02   0.46737179E-02
   0.50000000E+00  -0.65461779E-03  -0.87772977E-02  -0.48964985E-02   0.56804701E-02
   0.50250000E+00  -0.17285425E-02  -0.93157826E-02  -0.41631436E-02   0.66827547E-02
   0.50500000E+00  -0.28609033E-02  -0.97602655E-02  -0.33119022E-02   0.76655953E-02
   0.50750000E+00  -0.40397273E-02  -0.10096937E-01  -0.23460133E-02   0.86131318E-02
   0.51000000E+00  -0.52514307E-02  -0.10312484E-01  -0.12706417E-02   0.95087824E-02
   0.51250000E+00  -0.64808916E-02  -0.10394325E-01  -0.92952848E-04   0.10335429E-01
   0.51500000E+00  -0.77115511E-02  -0.10330851E-01   0.11778359E-02   0.11075628E-01
   0.51750000E+00  -0.89255426E-02  -0.10111668E-01   0.25304298E-02   0.11711836E-01
   0.52000000E+00  -0.10103851E-01  -0.97278436E-02   0.39514594E-02   0.12226660E-01
   0.52250000E+00  -0.11226502E-01  -0.91721555E-02   0.54255146E-02   0.12603127E-01
   0.52500000E+00  -0.12272774E-01  -0.84393258E-02   0.69352103E-02   0.12824961E-01
   0.52750000E+00  -0.13221451E-01  -0.75262511E-02   0.84612869E-02   0.12876878E-01
   0.53000000E+00  -0.14051084E-01  -0.64322175E-02   0.99827454E-02   0.12744885E-01
   0.53250000E+00  -0.14740295E-01  -0.51590966E-02   0.11477019E-01   0.12416589E-01
   0.53500000E+00  -0.15268086E-01  -0.37115198E-02   0.12920180E-01   0.11881500E-01
   0.53750000E+00  -0.15614182E-01  -0.20970253E-02   0.14287184E-01   0.11131330E-01
   0.54000000E+00  -0.15759381E-01  -0.32617481E-03   0.15552152E-01   0.10160290E-01
   0.54250000E+00  -0.15685916E-01   0.15873659E-02   0.16688675E-01   0.89653646E-02
   0.54500000E+00  -0.15377826E-01   0.36267846E-02   0.17670168E-01   0.75465692E-02
   0.54750000E+00  -0.14821334E-01   0.57721229E-02   0.18470237E-01   0.59071861E-02
   0.55000000E+00  -0.14005213E-01   0.80003230E-02   0.19063083E-01   0.40539674E-02
   0.55250000E+00  -0.12921151E-01   0.10285323E-01   0.19423920E-01   0.19973056E-02
   0.55500000E+00  -0.11564099E-01   0.12598202E-01   0.19529419E-01  -0.24863646E-03
   0.55750000E+00  -0.99325963E-02   0.14907382E-01   0.19358158E-01  -0.26658387E-02
   0.56000000E+00  -0.80290763E-02   0.17178879E-01   0.18891086E-01  -0.52323859E-02
   0.56250000E+00  -0.58601292E-02   0.19376612E-01   0.18111979E-01  -0.79224814E-02
   0.56500000E+00  -0.34367320E-02   0.21462767E-01   0.17007900E-01  -0.10706518E-01
   0.56750000E+00  -0.77442964E-03   0.23398213E-01   0.15569646E-01  -0.13551207E-01
   0.57000000E+00   0.21065360E-02   0.25142969E-01   0.13792170E-01  -0.16419774E-01
   0.57250000E+00   0.51811556E-02   0.26656721E-01   0.11674983E-01  -0.19272213E-01
   0.57500000E+00   0.84196461E-02   0.27899386E-01   0.92225139E-02  -0.22065617E-01
   0.57750000E+00   0.11787513E-01   0.28831715E-01   0.64444372E-02  -0.24754572E-01
   0.58000000E+00   0.15245688E-01   0.29415932E-01   0.33559391E-02  -0.27291621E-01
   0.58250000E+00   0.18750740E-01   0.29616397E-01  -0.22070328E-04  -0.29627802E-01
   0.58500000E+00   0.22255173E-01   0.29400300E-01  -0.36628131E-02  -0.31713249E-01
   0.58750000E+00   0.25707801E-01   0.28738358E-01  -0.75335756E-02  -0.33497861E-01
   0.59000000E+00   0.29054208E-01   0.27605520E-01  -0.11595723E-01  -0.34932026E-01
   0.59250000E+00   0.32237294E-01   0.25981663E-01  -0.15804803E-01  -0.35967410E-01
   0.59500000E+00   0.35197896E-01   0.23852276E-01  -0.20110747E-01  -0.36557770E-01
   0.59750000E+00   0.37875496E-01   0.21209102E-01  -0.24458168E-01  -0.36659824E-01
   0.60000000E+00   0.40208997E-01   0.18050752E-01  -0.28786761E-01  -0.36234122E-01
   0.60250000E+00   0.42137573E-01   0.14383257E-01  -0.33031817E-01  -0.35245936E-01
   0.60500000E+00   0.43601576E-01   0.10220553E-01  -0.37124828E-01  -0.33666135E-01
   0.60750000E+00   0.44543504E-01   0.55848950E-02  -0.40994207E-01  -0.31472042E-01
   0.61000000E+00   0.44909002E-01   0.50717170E-03  -0.44566098E-01  -0.28648242E-01
   0.61250000E+00   0.44647902E-01  -0.49728782E-02  -0.47765288E-01  -0.25187342E-01
   0.61500000E+00   0.43715282E-01  -0.10806562E-01  -0.50516194E-01  -0.21090664E-01
   0.61750000E+00   0.42072524E-01  -0.16936253E-01  -0.52743940E-01  -0.16368847E-01
   0.62000000E+00   0.39688370E-01  -0.23295541E-01  -0.54375489E-01  -0.11042374E-01
   0.62250000E+00   0.36539947E-01  -0.29809518E-01  -0.55340839E-01  -0.51419876E-02
   0.62500000E+00   0.32613750E-01  -0.36395217E-01  -0.55574261E-01   0.12909853E-02
   0.62750000E+00   0.27906565E-01  -0.42962188E-01  -0.55015565E-01   0.82044251E-02
   0.63000000E+00   0.22426316E-01  -0.49413235E-01  -0.53611389E-01   0.15535318E-01
   0.63250000E+00   0.16192812E-01  -0.55645300E-01  -0.51316491E-01   0.23209773E-01
   0.63500000E+00   0.92383836E-02  -0.61550504E-01  -0.48095034E-01   0.31143166E-01
   0.63750000E+00   0.16083861E-02  -0.67017339E-01  -0.43921840E-01   0.39240418E-01
   0.64000000E+00  -0.66384491E-02  -0.71932001E-01  -0.38783611E-01   0.47396429E-01
   0.64250000E+00  -0.15429828E-01  -0.76179871E-01  -0.32680079E-01   0.55496682E-01
   0.64500000E+00  -0.24679892E-01  -0.79647125E-01  -0.25625080E-01   0.63418046E-01
   0.64750000E+00  -0.34289412E-01  -0.82222465E-01  -0.17647516E-01   0.71029807E-01
   0.65000000E+00  -0.44146198E-01  -0.83798955E-01  -0.87921830E-02   0.78194943E-01
   0.65250000E+00  -0.54125730E-01  -0.84275950E-01   0.87957287E-03   0.84771675E-01
   0.65500000E+00  -0.64092020E-01  -0.83561087E-01   0.11289394E-01   0.90615312E-01
   0.65750000E+00  -0.73898716E-01  -0.81572318E-01   0.22341694E-01   0.95580381E-01
   0.66000000E+00  -0.83390449E-01  -0.78239954E-01   0.33923698E-01   0.99523035E-01
   0.66250000E+00  -0.92404412E-01  -0.73508687E-01   0.45905799E-01   0.10230371E+00
   0.66500000E+00  -0.10077219E+00  -0.67339549E-01   0.58142228E-01   0.10378996E+00
   0.66750000E+00  -0.10832182E+00  -0.59711773E-01   0.70472072E-01   0.10385940E+00
   0.67000000E+00  -0.11488001E+00  -0.50624509E-01   0.82720646E-01   0.10240267E+00
   0.67250000E+00  -0.12027465E+00  -0.40098364E-01   0.94701210E-01   0.99326326E-01
   0.67500000E+00  -0.12433742E+00  -0.28176709E-01   0.10621701E+00   0.94555413E-01
   0.67750000E+00  -0.12690652E+00  -0.14926733E-01   0.11706362E+00   0.88035861E-01
   0.68000000E+00  -0.12782959E+00  -0.44020062E-03   0.12703153E+00   0.79736372E-01
   0.68250000E+00  -0.12696664E+00   0.15166107E-01   0.13590896E+00   0.69649884E-01
   0.68500000E+00  -0.12419301E+00   0.31750296E-01   0.14348475E+00   0.57794550E-01
   0.68750000E+00  -0.11940235E+00   0.49145618E-01   0.14955144E+00   0.44214283E-01
   0.69000000E+00  -0.11250954E+00   0.67161082E-01   0.15390832E+00   0.28978949E-01
   0.69250000E+00  -0.10345351E+00   0.85582443E-01   0.15636450E+00   0.12184351E-01
   0.69500000E+00  -0.92199900E-01   0.10417355E+00   0.15674197E+00  -0.60478425E-02
   0.69750000E+00  -0.78743599E-01   0.12267805E+00   0.15487871E+00  -0.25570020E-01
   0.70000000E+00  -0.63110986E-01   0.14082147E+00   0.15063177E+00  -0.46208268E-01
   0.70250000E+00  -0.45361957E-01   0.15831368E+00   0.14388041E+00  -0.67761588E-01
   0.70500000E+00  -0.25591614E-01   0.17485170E+00   0.13452940E+00  -0.90000682E-01
   0.70750000E+00  -0.39316013E-02   0.19012292E+00   0.12251245E+00  -0.11266637E+00
   0.71000000E+00   0.19448966E-01   0.20380880E+00   0.10779591E+00  -0.13546784E+00
   0.71250000E+00   0.44343031E-01   0.21558889E+00   0.90382528E-01  -0.15808115E+00
   0.71500000E+00   0.70505644E-01   0.22514546E+00   0.70315530E-01  -0.18014838E+00
   0.71750000E+00   0.97654569E-01   0.23216847E+00   0.47682579E-01  -0.20127805E+00
   0.72000000E+00   0.12547152E+00   0.23636115E+00   0.22619663E-01  -0.22104749E+00
   0.72250000E+00   0.15360410E+00   0.23744586E+00  -0.46854714E-02  -0.23900770E+00
   0.72500000E+00   0.18166841E+00   0.23517045E+00  -0.33990625E-01  -0.25469114E+00
   0.72750000E+00   0.20925247E+00   0.22931483E+00  -0.64997573E-01  -0.26762278E+00
   0.73000000E+00   0.23592045E+00   0.21969759E+00  -0.97351989E-01  -0.27733433E+00
   0.73250000E+00   0.26121761E+00   0.20618263E+00  -0.13064522E+00  -0.28338111E+00
   0.73500000E+00   0.28467606E+00   0.18868533E+00  -0.16441819E+00  -0.28536077E+00
   0.73750000E+00   0.30582120E+00   0.16717824E+00  -0.19816757E+00  -0.28293250E+00
   0.74000000E+00   0.32417884E+00   0.14169584E+00  -0.23135413E+00  -0.27583509E+00
   0.74250000E+00   0.33928269E+00   0.11233818E+00  -0.26341317E+00  -0.26390210E+00
   0.74500000E+00   0.35068239E+00   0.79273224E-01  -0.29376641E+00  -0.24707215E+00
   0.74750000E+00   0.35795153E+00   0.42737716E-01  -0.32183474E+00  -0.22539297E+00
   0.75000000E+00   0.36069589E+00   0.30364915E-02  -0.34705106E+00  -0.19901797E+00
   0.75250000E+00   0.35856130E+00  -0.39459650E-01  -0.36887223E+00  -0.16819525E+00
   0.75500000E+00   0.35124134E+00  -0.84317421E-01  -0.38678929E+00  -0.13324961E+00
   0.75750000E+00   0.33848448E+00  -0.13104559E+00  -0.40033522E+00  -0.94559367E-01
   0.76000000E+00   0.32010061E+00  -0.17910028E+00  -0.40908980E+00  -0.52530592E-01
   0.76250000E+00   0.29596700E+00  -0.22789062E+00  -0.41268137E+00  -0.75724908E-02
   0.76500000E+00   0.26603350E+00  -0.27678453E+00  -0.41078598E+00   0.39922243E-01
   0.76750000E+00   0.23032710E+00  -0.32511421E+00  -0.40312473E+00   0.89587968E-01
   0.77000000E+00   0.18895586E+00  -0.37218126E+00  -0.38946048E+00   0.14108404E+00
   0.77250000E+00   0.14211228E+00  -0.41726153E+00  -0.36959582E+00   0.19407778E+00
   0.77500000E+00   0.90076034E-01  -0.45960983E+00  -0.34337383E+00   0.24821173E+00
   0.77750000E+00   0.33216182E-01  -0.49846500E+00  -0.31068376E+00   0.30305647E+00
   0.78000000E+00  -0.28007268E-01  -0.53305606E+00  -0.27147285E+00   0.35805297E+00
   0.78250000E+00  -0.93042655E-01  -0.56261008E+00  -0.22576545E+00   0.41245047E+00
   0.78500000E+00  -0.16124703E+00  -0.58636288E+00  -0.17368921E+00   0.46524852E+00
   0.78750000E+00  -0.23188801E+00  -0.60357311E+00  -0.11550756E+00   0.51515311E+00
   0.79000000E+00  -0.30414749E+00  -0.61354052E+00  -0.51655885E-01   0.56055781E+00
   0.79250000E+00  -0.37712785E+00  -0.61562850E+00   0.17221915E-01   0.59955988E+00
   0.79500000E+00  -0.44986103E+00  -0.60929082E+00   0.90241382E-01   0.63001943E+00
   0.79750000E+00  -0.52132101E+00  -0.59410159E+00   0.16625517E+00   0.64966544E+00
   0.80000000E+00  -0.59043995E+00  -0.56978706E+00   0.24384606E+00   0.65624725E+00
   0.80250000E+00  -0.65612814E+00  -0.53625701E+00   0.32134026E+00   0.64772318E+00
   0.80500000E+00  -0.71729746E+00  -0.49363330E+00   0.39684455E+00   0.62247118E+00
   0.80750000E+00  -0.77288801E+00  -0.44227239E+00   0.46830872E+00   0.57949987E+00
   0.81000000E+00  -0.82189679E+00  -0.38277909E+00   0.53361174E+00   0.51863434E+00
   0.81250000E+00  -0.86340746E+00  -0.31600886E+00   0.59066724E+00   0.44065005E+00
   0.81500000E+00  -0.89661953E+00  -0.24305682E+00   0.63754046E+00   0.34733104E+00
   0.81750000E+00  -0.92087547E+00  -0.16523271E+00   0.67256696E+00   0.24143650E+00
   0.82000000E+00  -0.93568397E+00  -0.84022195E-01   0.69446138E+00   0.12657010E+00
   0.82250000E+00  -0.94073795E+00  -0.10364542E-02   0.70240544E+00   0.69599750E-02
   0.82500000E+00  -0.93592598E+00   0.82047000E-01   0.69610538E+00  -0.11283023E+00
   0.82750000E+00  -0.92133641E+00   0.16354813E+00   0.67581257E+00  -0.22822830E+00
   0.83000000E+00  -0.89725384E+00   0.24184831E+00   0.64230492E+00  -0.33498150E+00
   0.83250000E+00  -0.86414824E+00   0.31544983E+00   0.59683109E+00  -0.42944892E+00
   0.83500000E+00  -0.82265750E+00   0.38302686E+00   0.54102380E+00  -0.50882627E+00
   0.83750000E+00  -0.77356456E+00   0.44346472E+00   0.47679157E+00  -0.57128210E+00
   0.84000000E+00  -0.71777074E+00   0.49588564E+00   0.40620010E+00  -0.61599643E+00
   0.84250000E+00  -0.65626676E+00   0.53966032E+00   0.33135459E+00  -0.64310655E+00
   0.84500000E+00  -0.59010329E+00   0.57440618E+00   0.25429341E+00  -0.65357536E+00
   0.84750000E+00  -0.52036235E+00   0.59997406E+00   0.17690070E+00  -0.64900574E+00
   0.85000000E+00  -0.44813087E+00   0.61642583E+00   0.10084303E+00  -0.63142767E+00
   0.85250000E+00  -0.37447732E+00   0.62400619E+00   0.27531463E-01  -0.60308421E+00
   0.85500000E+00  -0.30043183E+00   0.62311126E+00  -0.41891922E-01  -0.56623853E+00
   0.85750000E+00  -0.22697015E+00   0.61425694E+00  -0.10654677E+00  -0.52301799E+00
   0.86000000E+00  -0.15500120E+00   0.59804914E+00  -0.16579133E+00  -0.47530411E+00
   0.86250000E+00  -0.85358033E-01   0.57515731E+00  -0.21918916E+00  -0.42467082E+00
   0.86500000E+00  -0.18791626E-01   0.54629241E+00  -0.26647124E+00  -0.37236722E+00
   0.86750000E+00   0.44032932E-01   0.51218922E+00  -0.30749825E+00  -0.31933738E+00
   0.87000000E+00   0.10253845E+00   0.47359307E+00  -0.34222696E+00  -0.26626678E+00
   0.87250000E+00   0.15623627E+00   0.43125008E+00  -0.37068317E+00  -0.21364454E+00
   0.87500000E+00   0.20472594E+00   0.38590020E+00  -0.39294235E+00  -0.16183073E+00
   0.87750000E+00   0.24769413E+00   0.33827211E+00  -0.40911823E+00  -0.11111975E+00
   0.88000000E+00   0.28491308E+00   0.28907897E+00  -0.41935822E+00  -0.61792908E-01
   0.88250000E+00   0.31623851E+00   0.23901444E+00  -0.42384424E+00  -0.14155674E-01
   0.88500000E+00   0.34160705E+00   0.18874835E+00  -0.42279697E+00   0.31442144E-01
   0.88750000E+00   0.36103310E+00   0.13892179E+00  -0.41648145E+00   0.74603037E-01
   0.89000000E+00   0.37460517E+00   0.90141514E-01  -0.40521223E+00   0.11489293E+00
   0.89250000E+00   0.38248139E+00   0.42973861E-01  -0.38935644E+00   0.15186319E+00
   0.89500000E+00   0.38488433E+00  -0.20615160E-02  -0.36933390E+00   0.18507925E+00
   0.89750000E+00   0.38209517E+00  -0.44497735E-01  -0.34561365E+00   0.21415114E+00
   0.90000000E+00   0.37444705E+00  -0.83926133E-01  -0.31870689E+00   0.23876211E+00
   0.90250000E+00   0.36231789E+00  -0.12000070E+00  -0.28915686E+00   0.25869170E+00
   0.90500000E+00   0.34612281E+00  -0.15244116E+00  -0.25752647E+00   0.27383113E+00
   0.90750000E+00   0.32630616E+00  -0.18103449E+00  -0.22438450E+00   0.28418989E+00
   0.91000000E+00   0.30333358E+00  -0.20563480E+00  -0.19029170E+00   0.28989346E+00
   0.91250000E+00   0.27768413E+00  -0.22616156E+00  -0.15578750E+00   0.29117316E+00
   0.91500000E+00   0.24984267E+00  -0.24259641E+00  -0.12137841E+00   0.28834981E+00
   0.91750000E+00   0.22029278E+00  -0.25497860E+00  -0.87528554E-01   0.28181320E+00
   0.92000000E+00   0.18951024E+00  -0.26339958E+00  -0.54652866E-01   0.27199972E+00
   0.92250000E+00   0.15795718E+00  -0.26799689E+00  -0.23112843E-01   0.25937006E+00
   0.92500000E+00   0.12607700E+00  -0.26894769E+00   0.67850762E-02   0.24438882E+00
   0.92750000E+00   0.94290058E-01  -0.26646221E+00   0.34788929E-01   0.22750731E+00
   0.93000000E+00   0.62990131E-01  -0.26077749E+00   0.60698819E-01   0.20915030E+00
   0.93250000E+00   0.32541587E-01  -0.25215135E+00   0.84363194E-01   0.18970696E+00
   0.93500000E+00   0.32772526E-02  -0.24085693E+00   0.10567429E+00   0.16952592E+00
   0.93750000E+00  -0.24503112E-01  -0.22717783E+00   0.12456319E+00   0.14891387E+00
   0.94000000E+00  -0.50533783E-01  -0.21140373E+00   0.14099497E+00   0.12813701E+00
   0.94250000E+00  -0.74583578E-01  -0.19382671E+00   0.15496399E+00   0.10742448E+00
   0.94500000E+00  -0.96455931E-01  -0.17473793E+00   0.16648986E+00   0.86972946E-01
   0.94750000E+00  -0.11598863E+00  -0.15442496E+00   0.17561380E+00   0.66951508E-01
   0.95000000E+00  -0.13305323E+00  -0.13316932E+00   0.18239571E+00   0.47506337E-01
   0.95250000E+00  -0.14755422E+00  -0.11124446E+00   0.18691166E+00   0.28764532E-01
   0.95500000E+00  -0.15942796E+00  -0.88913923E-01   0.18925180E+00   0.10836940E-01
   0.95750000E+00  -0.16864140E+00  -0.66429849E-01   0.18951855E+00  -0.61801528E-02
   0.96000000E+00  -0.17519066E+00  -0.44031563E-01   0.18782494E+00  -0.22204384E-01
   0.96250000E+00  -0.17909942E+00  -0.21944442E-01   0.18429293E+00  -0.37167525E-01
   0.96500000E+00  -0.18041723E+00  -0.37895257E-03   0.17905169E+00  -0.51016248E-01
   0.96750000E+00  -0.17921767E+00   0.20470102E-01   0.17223580E+00  -0.63713100E-01
   0.97000000E+00  -0.17559648E+00   0.40424104E-01   0.16398329E+00  -0.75237362E-01
   0.97250000E+00  -0.16966960E+00   0.59320913E-01   0.15443361E+00  -0.85585474E-01
   0.97500000E+00  -0.16157123E+00   0.77014920E-01   0.14372566E+00  -0.94770800E-01
   0.97750000E+00  -0.15145188E+00   0.93376853E-01   0.13199578E+00  -0.10282257E+00
   0.98000000E+00  -0.13947641E+00   0.10829338E+00   0.11937597E+00  -0.10978397E+00
   0.98250000E+00  -0.12582226E+00   0.12166648E+00   0.10599247E+00  -0.11570933E+00
   0.98500000E+00  -0.11067756E+00   0.13341272E+00   0.91964522E-01  -0.12066072E+00
   0.98750000E+00  -0.94239575E-01   0.14346236E+00   0.77403781E-01  -0.12470391E+00
   0.99000000E+00  -0.76713037E-01   0.15175843E+00   0.62414078E-01  -0.12790410E+00
   0.99250000E+00  -0.58308736E-01   0.15825584E+00   0.47091753E-01  -0.13032174E+00
   0.99500000E+00  -0.39242150E-01   0.16292051E+00   0.31526459E-01  -0.13200852E+00
   0.99750000E+00  -0.19732180E-01   0.16572866E+00   0.15802409E-01  -0.13300400E+00
   0.10000000E+01   0.34041716E-07   0.16666625E+00  -0.27167038E-07  -0.13333300E+00
